243
318
327
392
462
889
955
1163
1443
1493
1597
1636
2085
2089
2155
2621
2787
3152
3218
5001
5491
5492
5551
5707
5994
6521
8452
9995
10898
11119
11478
11849
12490
12597
12724
13377
13539
13785
13930
14091
14273
14629
14805
15090
15489
15869
15993
15999
16187
16222
16275
16326
16673
17528
17530
17533
17534
17535
17536
17806
17908
18041
18153
18168
19457
19505
19600
20445
20455
21378
21576
22617
23655
24146
24436
24664
25166
27711
27824
28031
28085
28728
29015
29076
29087
29122
29136
29528
29925
29931
30780
30940
30944
30947
31006
32309
32536
32834
34299
34531
36657
37588
37722
39242
41266
41275
41570
41636
42313
43674
44315
44388
45203
45548
45905
47816
48109
48246
49511
49947
50477
52460
52805
53263
54499
54721
55101
56419
58062
58948
60486
60489
64125
65075
66601
68206
68572
68854
70406
71884
72244
72697
73727
75369
75531
75864
78063
79993
87309
87609
92620
97000
99006
99011
103509
107277
108888
116046
116790
120395
122163
130018
130443
130824
134196
141319
148039
149044
150984
152434
152857
163083
166813
171840
173093
174335
175240
180404
182978
185058
190869
199659
200667
203820
209133
209856
213914
215433
218659
219297
221493
223762
226960
227149
229126
231658
231859
231866
232777
238328
245744
249128
252561
253365
257911
262522
262526
265760
270456
276456
276815
277289
277628
278846
279190
279401
281308
283462
288576
294632
295364
296417
301994
302508
310655
316777
321988
324280
345291
345882
348864
351455
353564
354674
363337
365967
366575
367614
374648
378588
383824
394939
400643
403886
405005
408345
409383
412515
417785
423128
424641
426523
426526
427845
430145
430589
432270
434779
437716
444924
447511
452440
454556
458573
460803
460890
466495
468376
468600
469361
477064
483934
485150
487424
487732
491433
495468
495756
496496
520062
520618
523735
526430
527029
528873
530004
530239
534657
535483
535678
540535
547833
547969
554408
556542
561989
563890
565490
566585
568489
570747
571200
572505
572800
580257
583185
